90
909 4005 35
909 9907 104
909 8030 92
909 7445 101
909 7264 118
909 8686 154
909 6391 136
909 1559 56
909 434 34
4005 909 35
4005 9907 69
4005 8030 65
4005 7445 74
4005 7264 91
4005 8686 127
4005 6391 109
4005 1559 79
4005 434 65
9907 909 104
9907 4005 69
9907 8030 42
9907 7445 63
9907 7264 84
9907 8686 92
9907 6391 120
9907 1559 136
9907 434 122
8030 909 92
8030 4005 65
8030 9907 42
8030 7445 21
8030 7264 42
8030 8686 62
8030 6391 78
8030 1559 94
8030 434 80
7445 909 101
7445 4005 74
7445 9907 63
7445 8030 21
7445 7264 21
7445 8686 53
7445 6391 57
7445 1559 73
7445 434 81
7264 909 118
7264 4005 91
7264 9907 84
7264 8030 42
7264 7445 21
7264 8686 36
7264 6391 36
7264 1559 62
7264 434 98
8686 909 154
8686 4005 127
8686 9907 92
8686 8030 62
8686 7445 53
8686 7264 36
8686 6391 28
8686 1559 98
8686 434 134
6391 909 136
6391 4005 109
6391 9907 120
6391 8030 78
6391 7445 57
6391 7264 36
6391 8686 28
6391 1559 80
6391 434 116
1559 909 56
1559 4005 79
1559 9907 136
1559 8030 94
1559 7445 73
1559 7264 62
1559 8686 98
1559 6391 80
1559 434 36
434 909 34
434 4005 65
434 9907 122
434 8030 80
434 7445 81
434 7264 98
434 8686 134
434 6391 116
434 1559 36
